68182943
149400768
171262869
116919732
97003461
76965688
97644894
129225243
108405593
114107640
137679310
111287711
99582304
183992062
111800401
80665003
135616839
133894367
144256028
102776867
76693861
111260890
122202372
120471280
91855732
94250771
98091442
79367070
108980419
133810250
102525515
54277932
19240693
59013917
44636539
59975728
59136791
63227301
172799060
141634221
120676816
173598824
187302630
106252375
130898888
106187911
191891699
73084257
108744607
112257815
162758147
81481844
93136429
105643490
64285716
93880900
132450365
109731592
116578493
109022890
158491504
127308124
91273478
79323482
126475471
101732683
108696762
77597729
129036184
151134419
122053290
162038637
153627608
235081038
148220402
113384087
255696833
228876080
96161465
177471464
116088576
120376352
100788101
166243464
422129253
187732141
109893649
170146888
144754909
185477672
168090546
177222604
124584128
126890653
125640141
160916744
222899874
95703504
112516697
218248961
114104986
109442723
90808337
399971665
135622719
154660082
106496040
83441689
90164419
109064883
115110650
149996364
257941182
106917666
111211916
133957847
290712460
55831151
89276642
72034296
93572285
106530153
128366501
61387042
87994817
62284910
63054193
82341332
110980538
95691541
63289275
80548237
94569728
76114284
133992283
82304175
109524429
113638999
258483143
115805149
79857210
90888417
118251530
79645228
89624956
172901094
213714577
57556220
77434745
228643132
251177969
69485429
48513373
157239674
112092316
83773167
189363756
45681538
170735343
104654181
217652663
138784782
196254755
56536480
81696590
132851279
26787269
8563519
10443543
256392575
244378027
98815393
163407110
189288190
71237840
117614765
205801581
185183877
3733037
9565175
247626991
11530737
221849623
94148029
141223880
211454544
114436020
179032954
223272409
78122665
51778729
189230784
57752692
191636558
145484650
206040174
155811030
37678838
32389940
125899652
201930157
93559312
177964033
224617959
254257884
252170500
75231201
123799201
87877098
235732180
244488210
74952848
195321242
248555066
194296772
242105920
79622090
127912883
32473803
165207068
106772168
78347322
202467373
167897721
105378197
253494094
111833407
147518949
165002192
225075433
22991958
21352095
221718803
147621474
59587355
200209718
148724193
209841611
70330897
46532557
204908629
13385793
165119317
247563454
252564357
111539247
183860649
171705589
45576573
122794545
17481710
3706559
241584488
29355277
6748511
56562654
16074797
7959212
136450801
179683499
42699984
224518786
60542393
4146991
145041904
135935202
201981759
247256906
8773797
4209601
249274972
98405071
63204242
225634516
62666787
29261506
240313628
66473653
227005014
216419048
162925396
13051649
231601081
197154270
109733921
113207604
93424259
43573460
82455180
106579990
95252822
10048134
72286608
92106891
242497446
215916062
14786279
7835282
35558405
19123940
112800011
139544671
102353000
59774853
204888613
207542271
223677752
40077606
63010229
30039434
154035475
111726949
223194128
149778730
77374956
165737554
256511088
186473041
105088251
59586012
104935833
188653993
92470858
84739451
213179102
91198777
228179361
145405586
43061025
13789884
117183678
203838735
165028630
73609926
211753969
240871699
135510922
92073729
188428412
126422121
77034978
99047352
57171372
53307100
54942609
111128324
81013706
170006014
206449217
36203300
102459002
1011442
144189979
234670363
243250577
194452520
41734794
80225555
187042024
165105504
247652386
55078267
206641120
177800777
224640425
24346182
8153756
32310676
31560156
90219735
3519170
166982447
123437177
48044061
132147273
133781081
219171650
54064345
11960450
123580537
236002189
140236657
127047261
220165503
140683002
18501671
6040891
228835819
37994077
11129979
79613751
164392634
14649760
174890268
135313480
176570916
124871512
80779255
138506234
169821581
35976688
40312362
1955261
248379831
179099810
94777066
104667764
161216492
152581449
118383082
94305398
181216376
19175877
123487625
187373866
137073265
29594688
4129427
125805515
202902683
92627334
252272909
224271981
191243582
156562170
98414342
64185263
224534452
60274515
104072688
197690203
115267983
188364614
152227487
166949367
109333011
19545734
104338474
160867512
64627946
168347430
101701700
127432104
175762293
140743585
70750596
84510565
232641954
142615217
217925190
190764084
222950967
91433891
103944677
93031590
199583582
177628068
203226717
110619279
118399719
144661421
170076464
42494265
242257633
233386942
35303685
80823898
148286125
103702026
204036238
32875516
85105250
162962640
228669572
162917262
110166621
23738904
241836429
29894943
231876082
220038303
185123266
186797847
15946338
40632855
127194169
99949407
212571140
181834487
209482053
202988576
249208329
20129612
249066030
235987121
241722041
128657941
147233520
119668967
79465086
87755698
53501169
228273094
83782718
247186458
211126650
62005786
210877409
53361603
213482983
124705639
450820
97644613
27084534
48304889
86198252
98372532
53157664
137752251
58913996
124353404
184955360
73487784
58709001
100921910
84647306
95743680
47052968
248406760
122825104
71743889
249096458
51850053
235837377
249582453
31680833
172095478
72026661
138611814
100226767
102888739
191292000
208345947
126033435
198936097
61923921
14241966
142963651
115441159
169624350
255460941
220698057
47310830
42257356
187584798
163754408
185155185
228701251
157807103
87364749
220532291
252006288
54653234
188570006
80423579
106241120
255669728
52715068
152500346
149937371
212842154
220688840
96006493
42110565
170099505
189608345
180408430
123110171
178320923
22947615
227397611
117966371
50902432
67051095
87179674
148954876
175284342
14373893
131701375
131943996
236097475
196752113
209152996
200387441
186057206
238235422
70734999
131397027
117442647
14220875
206101060
67280224
94248076
98821563
68722385
17404445
249347914
63629873
54770231
127855574
223262780
243534306
226532347
194390138
52547803
149528668
98530022
183177863
79565149
50101764
8875581
161914953
143717271
50976656
128831339
81668304
213482771
255949520
226322976
193058956
158003919
194666193
213773800
127591490
26606089
201436981
113685923
216902493
122230645
27288033
104247680
37403438
95803901
151689557
59507861
233646725
199871840
237015199
21320968
107822026
108033271
236332771
49764192
27141896
88278136
244091542
201095844
76238569
230372919
227573020
103039019
84455974
144152987
64038975
13114424
186216774
100133686
72275747
183568142
23153041
51996686
128425771
195137470
23501379
127949812
143623986
39675739
182992109
121329419
71965935
251805618
197990302
195503827
183441165
97027181
176679354
92320375
71681484
72222912
130852332
62138403
82966613
224766440
138365623
17365081
181955992
185874586
225054476
155891195
67066868
175840828
191286515
18098321
192286100
146423003
7355415
116536969
16508696
103800739
182169224
241656161
46382306
182613841
7946064
69611982
7497094
98722301
53028546
143804928
246011111
215582179
3514167
3126472
249259066
113042841
119680073
59719744
29237114
64126277
128320392
159350649
111265200
14359455
19425503
117535722
29736458
177541569
78585712
219807651
247906588
217927086
162231869
34616977
184666772
134672456
135749314
73153710
3204061
119438286
56828893
119032341
25685664
158368506
232970495
128135526
177722381
132379891
199030870
237096425
113511386
29512559
80656859
221927119
179537160
60524685
175981398
176932086
69260067
221775986
251485346
125766570
74873674
194069277
52035900
146340928
242918720
164513519
195086364
194830324
89990273
160211236
153619385
87273517
148430072
135087245
120834957
212255479
213447808
76433731
93703113
225274979
242748838
148475331
138373793
184928959
190748400
163029315
65752870
56860645
78646230
195464466
110620469
112800369
98750547
239966077
109479147
234038042
76478631
198493784
34047813
119025181
178847970
170755104
240944931
123729589
184547247
153643942
191210670
219964078
21417420
79571339
254806549
126801951
20066242
188030481
42002109
108084391
87487159
253873556
140477044
97287215
201832943
91071984
130603128
128126161
102488411
225615007
160779154
209476190
176527356
212294269
80348619
103588116
85526110
9341139
16098671
143673290
116127055
62017510
66373353
163988779
255695856
27467144
61348670
27200355
205017090
111694244
56104823
61361062
86553640
148928932
45347514
48885570
5908529
77463175
162917486
225784255
225692548
67146578
238783197
159824523
113661686
219094454
118584484
121911895
258018262
143357189
65459609
124203463
94176158
228618403
50971385
50697482
9206018
233154773
230083535
57545587
250762342
60111756
4438441
6756423
239600267
149648593
6881985
105707915
166281062
21645473
186756880
158748982
36065169
182871360
151954024
202548671
149928886
84138425
26610201
211397531
186858747
149546890
36464438
126297166
245234840
232307274
158641089
69378072
17149649
200903163
14304856
158004051
171636831
78337055
93279568
40766685
184110575
82075722
209314545
252211544
184538741
2372317
124149117
7831728
86147480
168136425
55036717
74640712
176596815
49049099
198764302
132534657
49348583
218078945
231041242
165985066
189625074
13994127
216509706
33514426
137848528
13118746
235995632
184313589
143843260
78063420
1704588
42676349
90046845
34000976
238136514
76593170
46640902
52190675
43312719
193908773
211806663
227702929
26781497
122011805
185661135
8093126
133011691
214648194
206478663
232875648
135630854
32108874
77388590
184382287
12234933
199476795
77229151
238478063
141714912
37255931
125860797
132367902
123528353
87103477
232619466
661452
99195381
56455664
84915934
136843313
55058830
224674970
133818644
114268460
22876960
190029146
179540740
13064250
25406812
159245974
183912615
219822400
231391837
127571854
200838275
153872836
119842856
110800815
197070010
232719461
18376846
129910606
183736382
53686940
181647856
121044682
23715664
113814862
241963114
186267080
113515016
6092958
180608508
170955033
1480780
179324957
247845512
123130920
133606839
28518689
242578055
120316185
225149017
151365553
228265646
106594876
5336020
250062790
169404117
25278351
113168588
168106415
145426912
205286474
41615809
252054620
178160749
125247540
133429009
208123260
225737862
105391784
182993135
166920996
175257784
141237
12290115
241873700
127128561
202155735
109444830
73343709
219583824
121579878
147507314
231111953
146272054
22835334
194963263
200919505
52296448
682860
217664389
3735575
98329517
183415002
162689805
48174267
3394073
211005327
207443130
197631186
154495197
50421001
105628419
146626705
112340761
238517988
93081622
43459677
42770297
6859080
14441528
253590807
149901931
110355358
25436515
210893452
50741733
226881814
146017348
232090740
162632707
58353347
226091246
169074683
166627238
868467
87313979
207090656
10999681
108614696
91946521
239636162
9107914
116058092
223490421
202056810
76509380
141736184
155408294
141055882
15749454
169859501
53863188
143473129
69248244
248699015
133887828
247121035
187870926
188930891
49649748
47855110
106708010
85286441
156378843
43459695
5473951
201081519
213875746
40684843
221736965
120690390
9491175
238632880
6633709
30809897
49869973
243080857
84482805
133466265
172639517
188733315
12208365
162032428
26143755
171116951
113217349
42143698
167215754
88190721
170393738
241050534
249241783
249256325
216876264
184697180
132385053
103495734
71319899
89437712
209677238
179423798
211011519
4261224
42586259
100091569
201097376
235856827
225958106
10883959
60450837
69574617
11404956
174954154
189164096
24344501
250385963
139665553
153128591
107070364
59730731
50710550
226086908
77609021
163766222
122709034
148524946
12721190
173398247
46636704
55347189
163671054
209747050
16203717
109230327
72912122
75023024
17919092
233871760
172885159
20986088
247157095
18479566
197684965
40180686
227019734
163107068
57741480
230754223
36380993
60173251
168836629
204694475
64304879
194261013
206872134
253468102
71259675
147043691
255665337
247580648
106827965
91823649
94677332
227763257
172548482
20353247
82044618
95045883
179948069
81607072
134743988
7040296
142990612
239653366
209486549
767820
25889297
207284750
139975968
210690975
129160875
184229225
85314435
45374639
202056511
205796892
238914508
135646658
27871265
131332148
124680700
69581568
30695892
180807542
206671014
252825814
202923692
224298985
72328209
240017747
106181534
18204654
237935884
254248556
101198363
11021780
116647968
42677531
148678458
22483149
57450010
244073561
108990497
151489742
16715719
99795760
211325017
164999745
181886171
175559760
124927566
237797921
106709151
3280229
126920282
117248539
175928148
256529765
230495625
100151726
167464630
169365834
193420792
249742115
115089618
25437878
78153871
80754213
191911919
159857783
172039066
1374191
85492933
164322252
84625886
37955786
66037908
142063282
36176158
244488719
32672789
138220405
212948985
254190904
116137415
174341355
192820771
227197936
206963690
154513658
13425
190663901
246847584
217875050
108147281
61268883
203749455
43847966
92155500
64018757
31352197
67415033
8141053
226975996
102238672
60938151
210720548
5593960
155733994
236619252
131112384
243870237
1441678
65623688
94308154
155507058
95187998
202931603
99699494
189993949
220667135
16360861
120270950
104155796
127588674
164177265
82446223
24005151
196900239
50315669
165447719
97015296
194131918
1366698
206067046
200304350
86628853
124957747
95123250
47689966
250953843
53071981
123736902
145086285
158757875
146140780
221099036
73626370
71271954
32785889
153112385
245892710
178636133
144160456
154591229
256135296
66739039
133469718
53759878
56886198
206487217
113378325
192954006
208812531
24495750
44539503
161193822
106655595
107866288
143200671
166888065
4044566
94371264
39274070
134715941
97177513
120841292
242502012
138968448
30333872
143785664
71059487
242628830
9544828
77443286
31720011
114623166
227819326
67692174
120255825
58169766
19301935
78319304
174408962
173662469
189900603
119126456
149924896
201008206
27651304
140152347
129956422
1076606
233980097
128634791
95611468
257693542
162891104
78458170
151123426
181998428
7373088
183674836
100757777
79122449
160605386
197647793
56188852
138176587
25372670
92060059
86976623
246281027
17253209
187467822
179530340
150330987
132196596
127655043
66646505
80708070
11916529
166961268
164858824
18092322
103077706
203413574
207059476
94943932
238663510
99109102
218003279
208535536
103169881
169328069
178202350
204609537
213950072
179246848
4032173
57550032
124460487
37748504
175183003
246739506
14718707
219907136
219380566
214021240
96360128
217089842
43302881
127405348
98863368
186629257
133775656
48326568
106450308
87083668
206567411
90460778
84526691
123377663
215195859
168431266
143640554
75329914
2977679
247612084
202844035
83108863
221227325
231648956
80203018
216000621
199806083
256791758
220249935
16508088
221025890
80915987
25218180
115969430
8754298
139929708
73474974
99113547
37099421
80770688
53918537
55298878
206561433
148904888
206506206
117535001
141762376
80425713
23874367
40335563
181377923
136723853
68748724
28877066
203350581
202076745
73597116
195813135
141357116
17598303
245562255
241871861
250389690
173241347
10231865
106341298
3231726
26503239
220370507
157705045
227123559
219346328
20713329
105803520
172216603
146406974
93723358
257427263
106115631
113436819
86914397
90584591
123586631
170926657
178051644
128615158
227625187
95568796
80302242
15016056
110181979
213860332
111360139
24735295
36441119
190208443
96946760
35100210
199208013
54708243
239903161
219593321
208331848
42595459
138752730
128724353
176367159
37401186
219359460
150774855
20620802
135538323
221081512
51142339
90738590
31740069
21952231
32631247
85188508
13170919
29498603
130920803
109038809
174007002
202514044
211546264
235112113
7482572
247921287
110557207
66165049
64550219
153174591
168409093
68640114
142301753
37684477
116278353
58795010
119011704
219399238
35466916
64097798
231954251
113140879
150165652
250152566
177067204
203898689
194818276
113673193
34579215
52646210
91645358
227157276
8526556
199249985
32615721
61400674
194819066
82134468
94676161
5316176
163219358
134944193
63837431
194108839
199247543
8222757
131660414
210646612
215744969
12807675
195413807
204944932
43152174
199673162
38848386
251852695
159473009
146844872
10638531
213244382
96465212
198368583
221983592
216952646
15615521
236397124
146406799
103359719
7119414
12774614
28858024
59714382
138929810
166550722
122374504
72964838
15663775
165075365
185417817
241028330
26520191
213537539
93793658
198290744
15952879
228992524
25047565
244356362
189032531
29021886
97511390
100832376
84755210
57722750
190893986
153382902
43755897
171985787
96245101
242732321
236732168
249959498
154414442
75971263
249287556
31217404
38224928
131164245
198172996
123610359
95866932
67801496
176470740
72312384
6100180
246648284
106733954
67036239
223810030
222432312
174085250
113138723
163203291
3578296
27753930
110455619
141567779
243030718
126416161
78700236
120094656
228632515
218224065
238188313
202183666
40429620
181782385
104350159
22723184
172314010
8134274
66193806
107907912
116252884
253652008
48252839
63155265
77169426
163249991
216729325
117715052
8768189
129514825
133041542
18975490
30361237
20691970
247473844
159466906
177332743
223706191
3713377
104807642
68004312
47709543
53649082
8432912
194280650
37150784
169831902
85808536
137784984
171284188
228809512
248952195
214173223
98216401
155941415
128361250
189869444
250945337
9673606
163220443
36840798
144833706
130790216
87349429
54933191
227860148
107260399
169601664
73972772
102349641
61061667
173987933
35280779
75989467
79156093
104972228
221556144
41753382
138445789
195896014
152824692
88038112
148329972
184390188
148933185
31041122
7302983
185016458
159351673
194675512
206227234
246511716
230479042
167466852
193433017
240700091
131064584
246179273
204313316
227505527
24074886
50341574
72602927
150457804
254208114
134670231
121640677
28109153
35450456
137128440
2756139
206374639
15790722
36971544
132603272
160602789
83687173
206665084
18456235
45275880
66385593
99888084
22282364
5396299
100880889
207192420
193389572
10347737
138213606
177221738
4353347
115457551
200153940
235014716
75047571
228788776
41445633
123329200
237941302
111028182
173393619
12227368
202593068
6366075
179028793
182675804
213739722
116144763
76076429
12134087
214677206
246118375
216036378
28972705
112304081
116423050
170693813
200923583
116259315
59903134
122551940
228709895
38078303
102207982
21238500
145189547
117253803
138111981
222677664
69384504
40986673
69580646
79889239
99954613
137431042
185557960
205949673
172590420
57796867
35712801
16377875
252007834
243453466
164848159
23563676
16610436
21823860
146801163
244847739
83631781
217988265
65898782
79398126
256361099
144125688
169508637
201819906
55584977
95606164
221538413
143731230
166270427
255684732
156592462
23924918
215618942
151958819
166161706
180203855
52832246
250771314
231724097
158273674
10694418
143328879
64625077
124350395
251543447
112607209
246866889
220117880
231761320
3177815
240768809
59701277
171575499
217923888
217473636
149807425
79713036
234097322
178345605
115029739
255361766
15491087
252038079
205088637
100602646
92534240
108157019
59099049
125969269
167704255
80984729
228429122
122280982
234791680
134351656
159915713