-0.47
-1.11
-0.04
0.25
-0.24
0.34
-0.52
-1.53
0.47
-1.1
0.05
1.48
-0.54
0.92
1.03
-1.12
0.19
0.19
-0.03
-0.5
-1.4
-0.81
-1.1
0.42
-0.87
-0.16
0.1
-0.59
0.31
1.76
1.45
0.32
-0.61
0.36
0.23
-1.93
-0.32
-0.36
-0.88
0.14
0.61
-1.86
1.11
1.66
0.29
-0.04
1.66
0.46
-0.78
0.18
0.76
-0.54
0.47
-0.57
-0.32
0.14
-0.78
-0.01
-0.22
0.28
0.43
-0.78
-1
-0.27
-0.9
0.49
0.18
-0.41
0.54
-0.05
-0.58
0.3
0.08
-1.23
-0.67
-0.39
1.2
-0.14
-0.56
-0.48
0.12
-1.45
-0.43
-2.07
1.75
2.32
-1.22
-0.83
0.16
0.66
-0.01
1
0.1
-1.25
1.67
-0.08
0.13
-0.07
-0.46
-0.59
-0.39
0.69
0.11
0.18
-0.74
-0.38
-0.24
0.67
0.9
0.02
0.02
-0.74
0.3
1.02
-0.17
-0.1
1.09
0.3
0.1
0.4
-0.33
0.01
-0.74
-0.18
-0.43
-0.36
-0.05
0.05
0.15
-0.19
-0.24
0.05
-1.12
0.09
0.28
0.66
0.27
0.82
3.23
-0.49
-0.45
0.48
-0.41
-0.45
-75.46
-78.60
-70.24
-71.46
-76.55
-77.45
-70.05
-71.07
-74.16
-70.79
-72.80
-76.48
-71.16
-69.29
-70.14
-77.11
-74.19
-77.56
-69.79
-77.69
-71.04
-72.61
-73.08
-72.77
-72.80
-76.37
-79.93
-77.66
-73.35
-70.59
-72.70
-73.49
-74.68
-72.22
-77.76
-78.47
-77.39
-73.95
-74.22
-71.26
-73.85
-72.63
-71.03
-70.56
-77.08
-74.15
-71.54
-75.32
-74.69
-70.48
-73.60
-74.22
-75.50
-70.48
-70.63
-76.67
-70.45
-69.65
-73.89
-72.61
-74.94
-72.49
-69.24
-79.74
-72.22
-69.02
-77.72
-74.54
-70.80
-75.34
-78.36
-79.10
-79.32
-70.54
-79.86
-70.48
-75.29
-75.53
-70.75
-69.26
-75.75
-69.61
-78.16
-75.59
-76.86
-79.98
-72.20
-74.30
-75.65
-78.45
-72.73
-75.08
-74.81
-76.82
-71.91
-71.60
-70.06
-76.23
-79.23
-75.72
-79.89
-76.12
-74.38
-74.61
-73.26
-76.37
-75.04
-71.13
-69.85
-72.01
-78.28
-76.97
-78.16
-70.85
-79.18
-72.16
-69.00
-75.80
-73.11
-69.22
-71.35
-71.72
-71.87
-69.86
-70.61
-78.63
-69.92
-72.01
-75.40
-74.82
-79.61
-72.13
-72.85
-77.51
-72.64
-75.36
-74.96
-77.48
-78.46
-75.15
-76.99
-70.87
-73.28
-77.91
-69.33
-70.74
-75.88
-71.61
-73.22
-77.98
-71.61
-70.98
-70.26
-77.89
-71.59
-69.39
-77.52
-75.31
-74.21
-73.67
-73.28
-73.07
-71.20
-78.14
-71.66
-70.60
-72.30
-79.77
-70.52
-79.24
-71.17
-74.56
-75.22
-71.77
-72.11
-75.12
-73.16
-73.26
-79.72
-70.32
-75.33
-73.15
-73.87
-79.93
-79.00
-72.80
-78.30
-73.86
-73.82
-72.91
-75.54
-72.99
-79.53
-79.31
-72.85
-79.72
-73.32
-71.81
-71.46
-79.10
-73.51
-73.51
-71.68
-73.02
-72.46
-74.15
-74.95
-75.22
-74.98
-70.53
-74.12
-69.15
-70.16
-74.11
-71.72
-79.27
-78.31
-77.26
-71.58
-73.49
-71.75
-75.26
-70.34
-71.06
-77.46
-76.12
-74.02
-74.30
-70.95
-76.52
-79.00
-78.17
-70.36
-69.37
-72.14
-78.57
-73.67
-76.86
-76.87
-75.64
-75.99
-78.52
-79.52
-72.81
-77.76
-77.70
-76.98
-75.07
-75.54
-77.40
-71.77
-71.67
-74.25
-73.70
-74.05
-75.74
-69.34
-77.35
-72.07
-77.27
-69.82
-74.77
-69.48
-70.26
-73.30
-69.65
-77.90
-76.29
-70.39
-78.99
-76.90
-75.59
-75.66
-71.46
-72.41
-69.88
-76.33
-78.91
-78.02
-73.74
-79.59
-72.23
-77.67
-73.32
-69.92
-77.29
-70.88
-69.33
-78.38
-74.18
-75.16
-69.42
-77.67
-79.88
-74.20
-72.81
-71.70
-72.75
-73.96
-69.36
-69.42
-79.09
-72.78
-78.00
-76.41
-73.44
-69.05
-77.83
-75.83
-74.56
-79.82
-74.13
-73.84
-69.59
-74.68
-70.04
-69.56
-75.82
-79.66
-70.03
-79.82
-69.42
-76.82
-71.62
-74.38
-77.99
-71.25
-72.51
-73.21
-75.91
-77.64
-73.14
-76.77
-71.72
-79.35
-70.36
-79.02
-78.04
-74.24
-75.20
-70.82
-70.37
-75.82
-79.04
-71.52
-77.64
-70.42
-75.01
-76.55
-78.02
-74.76
-74.23
-74.84
-69.36
-72.50
-73.49
-74.50
-72.08
-71.94
-71.75
-76.63
-69.31
-77.66
-73.44
-69.57
-77.83
-79.00
-73.28
-79.16
-79.63
-78.31
-78.98
-76.92
-69.98
-69.79
-79.34
-73.98
-74.74
-74.24
-78.66
-77.53
-69.49
-74.37
-71.88
-74.54
-70.73
-69.79
-71.76
-73.31
-76.86
-77.81
-78.33
-72.28
-75.86
-74.84
-79.37
-77.51
-77.21
-69.10
-72.82
-71.76
-73.49
-76.00
-74.32
-73.68
-78.46
-70.55
-79.53
-69.90
-70.94
-76.91
-74.93
-75.71
-72.81
-72.99
-75.92
-69.15
-72.16
-78.12
-79.67
-76.22
-78.19
-73.42
-77.89
-78.92
-72.47
-69.68
-75.93
-72.21
-74.34
-71.39
-76.02
-76.24
-78.60
-69.00
-73.23
-74.74
-69.42
-71.91
-79.61
-73.49
-70.99
-79.59
-77.09
-79.80
-72.54
-71.14
-71.49
-78.21
-74.62
-75.41
-69.85
-71.85
-77.03
-79.59
-74.41
-75.93
-77.85
-78.86
-78.84
-70.19
-74.57
-79.48
-73.43
-72.57
-71.58
-74.16
-77.85
-75.56
-73.11
-74.07
-76.95
-72.17
-78.26
-79.94
-74.19
-76.66
-70.04
-76.16
-79.56
-79.12
-73.92
-69.69
-73.30
-79.22
-77.97
-72.35
-79.09
-74.57
-73.00
-79.81
-78.94
-71.32
-77.50
-76.26
-74.32
-75.33
-78.58
-72.12
-69.85
-76.40
-70.71
-77.79
-69.34
-73.27
-72.24
-71.58
-72.96
-69.20
-74.03
-75.09
-73.02
-79.27
-77.79
-74.74
-73.93
-77.83
-76.69
-71.85
-71.86
-76.64
-70.95
-74.30
-73.82
-75.72
-69.54
-69.21
-76.12
-70.46
-77.94
-77.36
-76.24
-71.70
-73.74
-72.70
-71.28
-69.77
-79.50
-70.95
-74.83
-69.58
-78.76
-77.11
-76.46
-74.28
-74.07
-72.86
-71.43
-75.66
-71.32
-70.65
-76.99
-79.10
-75.29
-79.66
-78.96
-75.15
-77.79
-75.36
-79.79
-70.28
-70.84
-73.47
-79.61
-69.45
-72.14
-75.22
-75.30
-72.77
-77.57
-78.56
-75.96
-79.81
-74.69
-77.96
-73.90
-76.87
-76.40
-73.11
-70.61
-72.54
-72.59
-79.02
-69.79
-79.15
-69.02
-77.18
-70.63
-69.33
-77.49
-76.23
-78.44
-75.32
-71.56
-69.36
-76.62
-71.04
-78.12
-76.66
-72.33
-71.77
-72.94
-73.15
-76.79
-75.83
-79.76
-73.62
-72.56
-73.34
-69.26
-74.57
-70.83
-69.59
-75.02
-71.40
-77.59
-75.49
-77.94
-76.33
-71.91
-76.71
-79.85
-79.06
-72.74
-73.89
-77.10
-76.59
-77.46
-79.60
-79.52
-72.84
-77.53
-70.63
-76.42
-78.90
-69.29
-71.26
-71.20
-75.29
-74.66
-75.60
-71.95
-76.22
-71.21
-71.85
-76.71
-74.95
-76.25
-75.68
-76.64
-72.23
-74.94
-71.70
-75.27
-77.50
-76.49
-76.54
-74.85
-74.55
-73.15
-76.54
-78.23
-77.92
-79.43
-72.17
-78.16
-75.21
-77.42
-73.30
-69.89
-72.18
-69.59
-76.59
-70.27
-70.55
-72.24
-71.76
-71.76
-70.29
-79.18
-76.67
-79.31
-71.04
-73.65
-76.77
-69.97
-78.63
-72.41
-76.30
-71.70
-69.94
-75.97
-72.43
-74.04
-71.79
-71.96
-73.97
-71.86
-72.66
-69.01
-70.72
-73.65
-77.22
-79.40
-69.08
-74.99
-72.83
-73.50
-74.86
-77.81
-71.21
-69.88
-71.26
-70.04
-78.48
-72.02
-70.27
-74.76
-74.53
-72.66
-73.23
-74.53
-73.51
-69.90
-72.85
-75.49
-77.67
-74.35
-70.11
-69.83
-77.87
-72.20
-76.97
-73.74
-75.79
-71.38
-76.99
-72.45
-76.76
-76.98
-79.44
-74.35
-75.77
-71.10
-71.20
-74.61
-69.84
-79.96
-71.88
-69.15
-75.82
-70.17
-76.71
-78.20
-76.82
-75.97
-72.72
-72.75
-76.28
-79.72
-75.59
-77.72
-78.95
-76.57
-71.16
-75.00
-79.42
-78.22
-78.05
-77.94
-69.52
-76.78
-79.68
-73.90
-78.51
-70.41
-74.94
-78.72
-76.87
-75.97
-70.59
-77.98
-74.32
-76.62
-79.27
-76.59
-77.65
-72.43
-70.92
-77.92
-69.21
-74.95
-72.13
-71.25
-72.16
-77.77
-69.91
-79.17
-70.56
-75.30
-70.63
-75.68
-72.37
-69.52
-75.08
-75.90
-74.35
-79.49
-69.11
-69.74
-77.90
-73.18
-70.37
-69.94
-69.05
-76.19
-73.17
-70.93
-79.25
-74.79
-71.63
-75.36
-69.79
-76.40
-72.75
-76.26
-72.45
-72.96
-76.23
-69.04
-74.77
-75.46
-79.99
-70.05
-73.20
-71.25
-76.68
-73.22
-70.94
-71.24
-79.88
-70.47
-76.52
-79.56
-72.18
-77.15
-69.89
-75.64
-73.52
-76.00
-78.89
-72.24
-74.93
-76.04
-78.63
-73.65
-76.79
-73.41
-74.31
-69.76
-74.63
-78.39
-75.15
-72.54
-76.32
-77.45
-70.26
-78.89
-69.59
-73.31
-74.28
-70.80
-71.61
-71.73
-79.67
-76.89
-70.16
-75.53
-72.39
-79.78
-74.88
-73.23
-72.28
-79.39
-69.93
-76.82
-75.25
-74.28
-72.46
-72.94
-70.13
-71.74
-75.68
-70.09
-70.65
-69.04
-79.53
-73.10
-70.31
-77.16
-71.87
-77.86
-76.50
-73.21
-69.26
-70.84
-76.09
-73.33
-79.83
-74.86
-78.75
-77.98
-77.57
-75.30
-74.12
-70.04
-70.94
-71.47
-70.50
-69.25
-78.79
-75.72
-69.51
-70.18
-78.57
-75.70
-79.84
-78.26
-71.08
-76.24
-72.92
-73.69
-78.96
-79.65
-76.35
-72.62
-71.14
-69.05
-76.78
-77.65
-74.26
-72.10
-79.91
-79.73
-79.51
-73.53
-72.85
-73.62
-74.31
-72.75
-70.09
-75.85
-78.14
-70.89
-73.75
-75.97
-75.02
-71.24
-73.36
-76.44
-73.58
-72.68
-79.44
-76.70
-75.93
-77.71
-69.62
-72.08
-79.87
-79.03
-75.13
-74.47
-71.62
-79.55
-72.85
-74.56
-70.20
-78.80
-73.95
-79.92
-69.10
-70.19
-69.50
-70.26
-77.02
-77.09
-79.58
-69.95
-74.24
-72.51
-72.83
-74.08
-73.25
-74.89
-74.66
-78.06
-75.28
-77.01
-74.72
-69.64
-77.83
-75.20
-71.71
-73.80
-77.45
-74.67
-79.76
-69.11
-80.00
-75.48
-74.21
-75.11
-76.39
-69.35
-71.65
-74.55
-76.19
-77.82
-78.57
-69.34
-69.66
-70.95
-73.24
-73.63
-75.09
-72.86
-72.74
-74.91
-73.67
-77.10
-73.43
-70.42
-78.40
-71.43
-69.38
-78.31
-73.64
-75.39
-78.88
-78.30
-73.94
-79.48
-76.03
-69.09
-75.00
-77.75
-78.69
-78.55
-69.07
-77.90
-69.06
-79.44
-78.89
-73.93
-71.44
-72.26
-76.02
-73.43
-72.07
-72.38
-71.68
-74.64
-72.77
-74.38
-76.18
-75.30
-74.88
-75.71
-77.98
-71.82
-80.00
-72.41
-69.07
-74.34
-75.29
-75.05
-73.27
-70.11
-75.64
-75.91
-78.94
-75.06
-75.76
-75.74
-79.99
-74.36
-77.64
-77.31
-74.48
-77.31
-70.91
-78.77
-69.49
-73.44
-72.55
-78.82
-69.61
-72.04
-70.04
-71.67
-73.49
-74.78
-72.51
-70.64
-73.02
-79.25
-76.81
-72.16
-69.48
-70.43
-75.06
-73.45
-70.35
-79.09
-77.31
-72.32
-74.25
-79.72
-72.31
-75.87
-75.10
-73.64
-70.14
-76.93
-73.72
-77.56
-73.16
-72.32
-72.73
-75.12
-76.95
-77.76
-71.00
-74.26
-78.54
-72.65
-74.37
-77.94
-76.35
-76.92
-71.23
-78.09
-76.99
-75.34
-71.09
-70.07
-76.14
-73.96
-79.30
-75.22
-79.82
-76.85
-69.17
-73.08
-72.30
-73.26
-70.29
-79.54
-76.34
-71.89
-78.07
-75.06
-69.02
-70.60
-79.02
-73.40
-72.66
-75.05
-73.06
-78.93
-70.52
-72.74
-76.79
-76.93
-74.64
-71.41
-73.92
-77.77
-72.17
-71.78
-73.32
-78.95
-74.10
-76.70
-73.62
-78.91
-76.93
-76.68
-75.17
-70.87
-77.44
-77.28
-73.49
-77.89
-73.81
-71.75
-78.48
-77.53
-71.80
-76.47
-77.13
-69.69
-77.94
-75.98
-71.66
-70.14
-75.81
-73.32
-73.64
-78.00
-75.34
-75.96
-79.76
-70.64
-77.58
-71.41
-71.93
-77.06
-75.79
-70.45
-75.68
-75.21
-76.16
-78.36
-76.20
-76.99
-76.60
-72.76
-74.69
-73.09
-70.43
-77.52
-73.17
-74.65
-70.71
-74.33
-77.06
-75.34
-72.44
-72.36
-73.00
-77.59
-77.40
-70.96
-79.09
-76.49
-75.11
-69.39
-71.55
-73.36
-72.05
-76.20
-76.71
-73.90
-70.86
-73.84
-71.89
-72.63
-73.42
-73.68
-73.64
-79.54
-77.95
-77.40
-72.73
-73.47
-73.44
-74.11
-73.24
-75.94
-75.71
-70.50
-71.12
-77.38
-70.36
-74.45
-72.97
-71.52
-75.22
-74.53
-69.34
-79.80
-75.10
-76.59
-71.74
-76.23
-75.47
-70.61
-73.86
-73.08
-72.78
-70.94
-77.61
-77.54
-79.18
-79.37
-79.51
-69.88
-76.06
-73.33
-71.54
-73.85
-76.09
-72.59
-72.63
-71.50
-73.60
-73.77
-76.28
-77.20
-71.20
-70.90
-74.69
-72.87
-69.24
-77.53
-77.14
-73.20
-71.34
-73.51
-74.04
-69.58
-73.13
-71.04
-69.24
-79.70
-78.02
-76.71
-76.07
-72.64
-78.35
-72.64
-71.04
-69.47
-79.77
-69.46
-72.74
-78.70
-72.07
-77.14
-70.77
-79.11
-72.64
-79.23
-75.88
-75.21
-78.02
-70.01
-74.02
-76.71
-75.60
-73.99
-69.93
-70.00
-73.82
-72.93
-75.65
-75.75
-77.94
-76.00
-74.53
-77.96
-71.17
-73.96
-79.83
-76.58
-75.57
-73.08
-78.47
-75.77
-69.53
-71.89
-75.25
-77.87
-79.60
-72.56
-77.97
-74.84
-71.76
-71.36
-71.64
-71.93
-71.73
-75.96
-70.76
-79.11
-70.05
-71.88
-79.19
-71.32
-70.67
-74.39
-79.03
-79.58
-75.76
-70.57
-72.90
-76.42
-79.65
-73.33
-71.92
-72.25
-72.77
-76.45
-79.79
-77.92
-78.57
-70.32
-75.27
-74.86
-76.88
-73.32
-75.27
-71.83
-75.32
-74.99
-79.19
-73.29
-72.52
-70.24
-79.29
-69.05
-75.30
-71.45
-74.67
-69.87
-78.29
-76.15
-69.37
-70.38
-70.83
-77.24
-71.99
-76.54
-79.77
-74.17
-79.03
-76.15
-69.98
-72.06
-73.44
-69.59
-69.00
-70.59
-77.87
-73.27
-69.19
-78.44
-72.98
-79.02
-74.38
-77.89
-73.41
-70.09
-78.74
-75.30
-69.66
-78.46
-72.25
-79.20
-70.83
-74.39
-73.50
-77.54
-74.64
-73.56
-75.42
-75.45
-69.16
-71.88
-79.97
-74.36
-78.04
-77.00
-75.72
-74.48
-77.75
-78.19
-74.00
-73.98
-76.33
-71.43
-72.55
-76.17
-78.13
-75.32
-76.26
-75.55
-72.44
-79.93
-75.71
-75.62
-74.11
-74.45
-78.41
-73.79
-73.08
-75.30
-74.06
-76.77
-71.30
-79.26
-74.26
-77.78
-73.02
-73.62
-76.75
-78.19
-78.36
-79.63
-76.66
-69.65
-73.63
-71.88
-76.77
-70.34
-69.34
-78.25
-79.91
-76.37
-72.52
-75.85
-78.99
-69.86
-78.60
-70.85
-72.35
-72.40
-75.76
-73.58
-71.13
-75.63
-77.81
-69.17
-71.15
-79.74
-75.72
-71.59
-73.26
-74.39
-70.94
-77.48
-74.42
-73.61
-78.38
-79.97
-69.47
-74.04
-77.11
-69.38
-77.46
-70.91
-79.14
-72.33
-78.32
-78.80
-75.75
-75.15
-71.69
-74.86
-70.24
-78.04
-75.03
-76.10
-75.10
-71.86
-75.17
-74.48
-72.22
-74.81
-74.24
-73.82
-79.54
-75.33
-71.72
-70.10
-76.78
-75.44
-69.48
-70.41
-69.32
-76.17
-69.33
-69.16
-69.00
-76.19
-70.62
-79.15
-76.07
-79.85
-75.22
-72.97
-79.57
-74.58
-70.22
-77.56
-73.77
-72.25
-77.53
-71.64
-72.88
-75.64
-76.72
-78.99
-71.07
-69.49
-76.18
-70.49
-79.75
-78.97
-73.47
-69.53
-78.08
-70.28
-73.38
-75.38
-78.92
-78.41
-75.01
-75.31
-71.52
-71.86
-71.03
-79.53
-70.05
-77.29
-74.55
-72.69
-71.38
-77.88
-72.44
-75.48
-76.15
-73.33
-72.41
-70.91
-79.60
-77.35
-76.75
-70.37
-76.63
-70.21
-77.04
-76.80
-77.27
-76.68
-70.10
-71.96
-76.86
-74.39
-79.81
-73.34
-74.07
-74.04
-72.51
-77.82
-74.88
-70.62
-76.24
-73.38
-78.82
-69.92
-72.27
-71.15
-76.95
-76.85
-74.41
-72.34
-76.55
-75.15
-77.62
-78.64
-69.14
-71.77
-74.42
-72.66
-78.60
-72.50
-71.69
-74.23
-74.44
-69.89
-76.90
-76.50
-75.05
-76.27
-75.83
-76.92
-79.34
-70.83
-72.99
-78.75
-74.47
-72.11
-70.69
-75.28
-76.91
-71.01
-74.93
-77.66
-78.93
-79.46
-79.13
-77.41
-78.72
-72.60
-72.22
-71.14
-77.36
-77.22
-72.61
-74.84
-74.58
-72.85
-74.04
-69.51
-79.42
-69.93
-79.44
-79.10
-74.91
-71.07
-76.13
-79.48
-74.51
-69.35
-69.12
-76.42
-69.47
-69.63
-78.72
-73.36
-74.37
-72.74
-74.11
-69.95
-70.85
-70.50
-77.54
-75.45
-70.47
-72.12
-79.25
-69.03
-69.87
-74.30
-71.23
-69.28
-73.15
-75.24
-70.07
-79.30
-70.22
-70.74
-70.98
-70.21
-75.69
-78.29
-71.06
-79.46
-73.06
-76.46
-76.48
-79.59
-70.91
-72.31
-71.87
-73.61
-75.82
-72.91
-72.26
-79.21
-79.95
-75.21
-79.22
-73.64
-74.64
-74.85
-76.14
-73.57
-74.78
-73.93
-71.69
-76.66
-77.51
-75.42
-77.33
-71.64
-72.79
-73.15
-76.54
-73.54
-74.26
-74.21
-79.01
-72.08
-74.65
-76.92
-72.21
-77.30
-77.87
-74.76
-79.23
-77.81
-69.16
-78.10
-78.69
-77.72
-71.67
-77.98
-71.66
-73.50
-74.97
-76.08
-72.70
-73.43
-74.93
-72.57
-76.31
-79.69
-78.18
-79.35
-70.38
-72.95
-72.15
-79.94
-73.98
-74.90
-78.63
-71.24
-78.24
-77.01
-70.05
-72.78
-74.27
-73.14
-76.29
-76.68
-71.11
-75.80
-72.52
-69.13
-74.20
-76.34
-70.46
-77.31
-79.23
-69.50
-71.58
-70.91
-73.35
-78.35
-74.03
-79.13
-76.20
-72.86