75.26
74.24
74.39
74.64
74.77
75.26
75.29
74
75.02
73.87
73.72
75.23
74.32
75.68
76.16
74.88
75.72
75.84
75.56
75
73.25
73.63
73.08
73.32
73.14
73.41
73.84
73.51
73.32
74.63
76.07
76.47
75.21
75.91
76.48
74.87
76.57
76.21
75.28
75.51
75.96
75
75.51
77.79
78.49
78.56
80.2
80.87
80.11
79.75
80.41
79.87
80.15
79.78
79.63
79.67
78.81
78.8
78.27
78.4
79
77.13
76.27
76.75
75.77
76.25
76.58
76.25
76.81
76.5
76.68
76.6
76.88
75.9
74.5
74.09
74.7
75.2
76.16
75.85
76
74.43
74.26
72.56
74.02
75.8
74.34
74.04
74.84
75.93
75.3
76.9
77.3
76
76.87
76.65
77
76.43
76.2
75.61
75
75.83
76.35
77
75.13
74.46
73.26
74.21
75.48
74.1
73.25
72.51
72.5
75.02
74.83
74.93
75.91
76.15
76.37
76.68
76.5
76.5
75.51
75.06
74.63
74.24
74
73.64
73.65
73.49
73
73.16
71.09
72.01
72.51
73.56
73.61
74.15
77.48
75.92
75.18
75.32
74.4
73.5
7.38
7.75
7.48
7.75
7.12
7.56
7.19
7.44
8
7.55
7.46
7.76
7.67
6.98
6.92
7.3
7.87
7.68
7.17
7.61
7.31
7.03
7.82
7.21
7.24
7.67
7.59
7.61
7.22
7.38
7.89
7.07
7.08
7.93
7.5
7.83
6.99
6.99
7.14
7.68
6.93
7.74
7.33
7.02
7.56
7.26
7.34
7.09
7.7
7.48
6.93
7.82
6.94
7.73
7.29
7.49
7.14
7.24
7.82
7.73
7.55
7.64
7.7
7.35
7.41
7.45
7.52
7.64
7.61
7.54
7.78
7.93
7.9
7.82
7.73
7.79
6.95
7.84
7.8
7.07
7.37
7.1
7.92
7.8
7.49
7
7.17
7.11
7.76
7.16
7.31
7.65
7.7
7.05
6.9
7.09
7.88
7.94
7.46
7.5
7.58
7.77
7.71
7.73
7.9
7.99
7.97
7.21
7.36
7.95
7.02
7.57
7.38
7.74
7.74
7.16
7.43
7.18
7.76
7.55
7.2
7.71
7.84
7.66
7.58
7.86
7.26
7.12
7.62
7.52
7.38
7.67
7.46
7.23
6.95
7.59
7.14
7.96
7.61
7.22
7.13
7.46
7.04
7.06
7.77
7.5
7.98
7.32
7.57
7.43
7.55
7.77
7.99
6.93
7.28
7.52
7.07
7.37
7.92
7.53
6.91
7.3
7.65
7.07
7.83
6.98
7.15
7.53
7.87
7.45
7.92
7.44
7.67
6.92
7.81
7.37
6.96
7.52
7.53
7.22
7.66
7.62
6.9
7.39
7.56
7.38
7.11
7.24
7.14
7.61
7.19
7.85
7.22
7.16
7.86
7.83
7.29
7.92
7.49
7.81
6.95
7.31
7.85
7.85
6.9
7.27
7.89
7.03
7.95
6.9
7.44
7.91
7.33
7.83
7
7.59
7.02
7.26
7.63
7.73
7.26
7.74
7.73
7.76
7.46
7.71
7.73
7.22
7.52
7.05
6.91
7.26
7.42
7.66
7.33
7.11
7.09
7.01
7.31
7.43
7.95
7
7.85
7.13
7.53
7.73
7.25
7.84
7.79
7.57
7.23
7.44
7.31
7.74
7.33
7.52
7.38
7.81
7.81
7.43
7.63
7.49
7.97
7.17
7.62
7.1
7.71
7.77
6.94
7.07
7.69
7.71
6.96
7.57
7.68
6.93
6.95
6.96
7.5
7.67
7.6
7.58
7.16
7.35
7.1
7.18
7.17
7.34
7.33
7.42
7.23
7.77
7.54
7.69
7.13
7.93
7.75
7.08
7.75
7.29
7.5
7.38
7.99
7.33
7.9
7.67
6.92
7.83
7.91
7.19
7.2
7.91
7.5
7.46
7.04
7.18
7.4
7.46
7.63
7.81
6.93
7.47
7.07
7.95
7.62
7.97
6.98
7.63
7.62
7.08
7.76
7.08
7.59
7.44
7.61
7.01
7.55
7.49
7.93
7.33
7.97
7.39
7.36
7.06
7.46
7.28
7.57
7.31
7.39
7.46
7.87
7.62
7.2
7.84
7.28
7.94
7.55
7.22
7.57
7.57
7.12
7.44
7.3
7.55
7.02
7.81
7.48
7.3
8
7.31
6.9
7.23
7.3
7.09
7.78
7.94
7.69
7.88
7.14
7.41
7.9
7.95
7.35
7.93
6.97
7.93
6.97
7.12
7.32
7.54
7.82
7.01
7.55
7.3
7.51
6.97
7.02
7.76
7.84
7.17
7.79
7.8
7.66
7.92
7.19
6.96
7.98
7.3
7.8
7.22
6.9
7.95
7.35
7.81
7.68
6.99
7.59
7.17
7.67
7.26
7.65
7.24
7.35
7.89
7.67
7.56
7.26
7.2
7.02
7.14
6.97
7.59
7.67
7.82
6.97
7.52
7.01
7.47
7.7
7.04
7.31
7.34
7.35
7.23
7.68
7.51
7.56
7.35
7.65
7.38
7.79
7.91
6.93
7.45
7.12
7.55
7.62
7.69
7.34
7.87
8
6.95
7.32
7.21
7.55
7.99
7.11
7.23
7.39
7.01
7.57
7.47
7.1
7.54
7.34
7.98
7.72
6.97
7.07
7.28
7.31
6.98
7.11
8
7.49
7.83
7.76
7.77
7.93
7.77
7.68
7.87
7.29
6.99
7.31
6.97
7.97
7.86
7.04
7.26
7.03
7.98
7
7.75
7.5
7.77
7.15
7.85
7.16
7.93
7.58
7.17
7.75
7.57
7.85
7.07
7.47
7.53
7.77
7.65
7.69
7.34
7.47
7.02
7.46
7.41
7.91
7.27
6.95
7.23
7.13
8
7.78
7.51
6.9
7.91
7.22
7.53
7.23
7.12
7.78
7.42
7.71
7.85
7.14
7.44
7.55
7.4
7.48
7.39
7.04
7.88
6.98
7.95
7.58
7.65
7.49
7.47
7.23
7.87
7.55
7.27
7.09
7.14
7.15
7.65
7.64
7
6.97
6.93
7.43
7.08
7.59
7.74
7.01
8
7.54
8
7.17
7.95
7.44
7.72
7.34
6.96
6.98
7.84
7.58
8
7.61
7.31
7.07
6.97
7.95
7.66
7.12
7.72
7.86
7.55
7.8
7.99
7.48
7.56
7.55
7.85
7.96
7.89
7.51
6.93
7.95
7.56
6.91
7.63
7.77
7.58
7.38
7.74
7.05
7.2
7.92
7.87
7.17
7.16
7.53
7.1
7.94
7.49
7.52
7.95
7.99
7.15
7.04
7.29
7.62
7.37
7.59
7.28
7.71
7.65
7.82
7.02
7.25
7.46
7.78
7.14
7.46
7.11
7.76
7.87
7.82
7.45
7.14
7.78
7.92
6.95
7
7.57
7.61
7.03
7.78
7.31
6.9
7.09
7.46
7.11
7.8
7.66
6.9
7.09
6.94
7.45
7.72
7.19
7.21
6.96
7.49
7.56
7.38
7.54
7.87
7.46
7.1
7.94
7.87
7.35
7.43
7.08
6.9
7.25
7.56
7.2
7.83
7.99
7.01
7.25
7.35
7.48
7.03
7.43
7.03
6.93
7.02
7.16
7.65
7.52
7.29
6.94
7.66
7.7
7.14
7.54
7.89
7.94
7.46
7
7.31
7.37
7.51
7.02
7.28
7.76
7.71
7.78
7.91
7.31
7.85
7.77
7.05
7.04
7.3
7.03
7.17
7.84
7.32
7.31
7.15
7.46
7.51
7.02
7.07
7.94
7.8
7.34
7.59
7.6
7.78
7.47
8
7.96
7.31
7.75
7.28
7.61
7.26
7.3
7
7.07
7.64
7.6
6.9
6.94
7.86
7.48
7.7
7.92
7.77
7.44
7.8
7.64
7.32
7.02
7.88
7.14
7.92
7.6
6.97
7.88
7.11
7.85
7.26
7.14
7.52
7.8
7.68
6.93
7.99
7.43
7.04
7.67
7.74
7.98
7.52
7.99
7.61
7.16
7.01
7.3
7
7.3
6.92
7.37
7.13
7.11
7.26
6.93
7.93
7.49
7.86
7.98
7.49
6.9
7.96
7.35
6.99
7.71
7.53
7.63
7.53
7.49
7.73
6.96
7.19
7.9
7.55
7.53
7.79
7.16
7.39
7.39
7.24
7.47
7.06
7.24
7.35
7.79
6.99
7.9
7.35
7.58
7.98
7.96
7.95
7.27
7.25
7.68
7.77
7.09
7.67
7.34
7.65
7.91
7.58
7.17
7.05
7.1
7.86
7.4
7.89
7.02
7.45
7.66
7.29
7.2
7.16
7.26
7.02
7.86
7.5
6.9
6.9
7.61
7.96
7.88
7.57
7.03
7.15
7.64
7.17
7.35
6.99
7.47
7.6
7.04
7.27
7.46
7.88
7.89
7.31
7.18
7.44
6.93
7.52
7.51
7.88
7.4
7.83
7.09
7.16
7.91
7.96
7.67
6.91
7.53
7.72
7.92
7.02
7.58
7.31
7.15
7.08
7.55
6.98
7.41
7.06
7.67
7.23
7.23
7.1
7.99
7.22
7.34
7.11
7.6
7.1
7.04
7.9
7.03
7.16
6.96
7.13
6.92
7.29
7.93
7.88
7.14
7.78
7.35
6.98
7.64
7.61
7.85
7.15
7.34
7.55
7.95
7.36
7.15
7.85
7.95
7.4
7.51
7.74
7.69
7.24
7.55
7.1
7.27
8
7.14
7.13
7.18
7
7.83
7.22
7.97
7.1
7.81
7.66
7.46
7.66
7.05
7.79
7.86
7.8
6.98
6.96
7.65
7.59
7.15
6.97
7.91
7.15
7.58
7.88
7.34
7.41
7.55
7.16
7.79
7.99
6.95
7.25
7.39
8
7.5
7.4
7.4
7.54
7.8
7.28
7.91
7.78
7.97
7.81
8
7.57
7.01
7.75
7.41
7.97
7.12
6.96
7.6
7.67
7
7.9
7.25
7.55
7.87
6.97
7.98
7.84
7.85
7.54
7.43
6.92
7.08
7.79
7.21
7.47
7.08
7.89
7.81
7.74
7.32
7.18
7.58
7.49
7.76
7.99
7.98
7.12
7.93
7.29
7.88
7.23
7.7
7.08
7.39
7.15
7.64
7.19
6.9
7.29
7.8
7.81
7.53
7.72
7.83
7.48
7.14
7.69
7.7
7.79
7.13
6.93
6.93
7.2
7.25
7.19
7.66
7.31
7.96
7.68
7.66
7.85
7.29
7.58
7.88
7.76
7.94
7.29
7.81
7.61
7.82
7.76
7.88
7.22
7.39
7.15
8
7.77
7.96
7.9
7.26
7.77
7.86
7.6
6.92
6.95
7.82
7.53
7.62
7.7
7.93
7.24
7.15
7.55
7.29
7.62
7.25
7.11
7.44
7.67
7.24
7.78
7
7.94
7.35
6.93
7.89
7.98
7.58
7.1
6.99
7.01
7.62
7.67
7.14
7.9
6.94
7.94
7.95
7.97
7.12
7.12
7.9
6.96
7.19
7.39
7.87
7.08
7.73
7.26
7.22
7.82
7.85
7.23
7.91
7.91
7.74
7.99
7.08
7.64
7.66
7.82
7.5
6.94
7.5
7.52
7.03
7.49
7.79
7.33
7.14
7.22
7.38
6.94
7.51
7.05
7.48
7.22
7.29
7.67
7.64
7.28
7.06
7.78
7.78
6.95
7.79
7.89
7.62
7.08
7.56
7.21
7.04
7.97
7.66
7.59
7.54
6.93
7.82
7.29
7.8
7.86
7.86
7.04
7.72
7.46
7.36
7.82
7.88
7.87
7.34
7.02
7.07
7.85
7.93
8
7.07
7.48
7.04
7.86
7.06
7.89
6.99
7.87
7.47
7.28
7.76
7.05
7.11
7.16
7.42
7.72
7.48
7.08
7.01
7.8
7.16
7.32
7.44
7.7
7.33
6.9
7.54
7.99
7.85
7.01
7.07
6.94
7.53
7.27
7.52
7.07
7.07
7.87
7.46
7.07
7.24
7.81
7.87
7.11
7.4
7.29
7.89
7.48
7.92
7.44
7.32
7.08
7.68
7.45
7.55
7.97
7.66
6.97
7.75
7.98
7.93
7.61
7
7.53
7.74
6.96
7.89
7.3
7.61
7.55
7.29
7.64
7.13
7.14
7.99
7.67
7.32
7.79
7.38
7.52
7.14
7.57
6.94
7.91
7.89
7.44
7.56
7.61
7.55
7.9
7.14
7.09
7.29
7.19
7.19
7.33
7.68
7.96
7.25
7.42
7.48
7.52
7.93
7.62
7.96
7.29
7.67
7.59
7.28
7.28
7.58
7.79
7.56
7.32
7.73
7.92
7.6
7.57
7.25
7.66
7.53
7.97
7.78
7.52
6.97
6.99
7.9
7.97
7.05
7.64
7.61
7.31
7.27
7.19
7.79
7.29
7.18
7.15
7.86
7.14
7.53
7.21
6.93
7.42
7.33
7.06
7.01
6.96
7.33
7.38
7.53
7.5
7.06
7.6
7.63
7.87
7.74
7.04
7.57
7.2
7.21
7.63
7.32
7.74
7.43
7.07
7.24
7.11
7.47
7.17
7.05
7.34
7.8
7.1
7.95
7.71
7.22
7.19
7.89
7.33
7.48
7.81
7.02
7.23
7.83
7.77
7.78
7.05
7.43
7.82
6.91
7.05
7.93
7.88
7.76
6.91
6.9
7.66
7.45
7.11
7.4
7.21
7.05
7.59
7.75
7.68
7.87
7.81
7.92
6.96
7.37
7.69
7
7.45
7.31
7.81
6.97
7.76
7.47
7.3
7.87
6.92
7.65
7.27
7.85
7.27
7.37
7.77
7.34
7.09
7.92
7.14
7.63
7.13
7.93
7.1
6.97
7.83
7.92
7.8
7.47
7.33
7.04
7.43
7.92
7.49
7.56
7.68
7.32
7.21
7
7.97
7.33
7.62
7.39
7.31
7.55
7.17
7.43
7.61
7
7
7.87
7.85
7.78
7.88
7.96
7.06
7.43
7.27
7.39
7.55
7.22
7.14
6.99
7.89
7.21
7.29
7.48
6.98
7.81
6.95
7.92
7.89
7.4
6.93
6.96
6.97
7.49
7.8
7.01
7.28
7.46
7.4
7.13
7.24
7.5
7.13
7.7
7.47
7.62
6.9
7.36
7.68
7.49
7.77
7.01
7.3
7.15
7.68
7.31
6.93
7.71
7.24
7.42
6.97
7.25
7.84
7.88
7.5
7.89
7.15
7.18
7.07
7.06
7.66
7
7.79
6.9
7.66
7.73
7.98
7.14
7.5
7.32
7.57
7.56
7.29
7.24
7.35
7.74
7.75
7.01
7.28
7.51
7.4
7.72
6.95
7.54
7.5
7.46
7.1
7.49
8
7.06
6.97
7.01
7.76
7.68
7.83
6.93
6.93
7.54
7.67
7.21
7.87
7.07
7.52
7.02
7.07
6.99
7.03
7.95
7.14
7.81
7.56
7.27
7.54
7.74
7.42
7.5
7.21
7.89
7.32
6.93
7.06
7.06
7.63
7.35
7.59
7.42
7.85
7.64
7.51
7.28
6.91
7.24
7.1
7.13
7.52
7.28
7.51
7.95
7.05
7.12
7.07
7.71
7.03
7.61
7.63
7.6
7.01
7.28
7.58
7.71
6.93
7.11
7.08
7.11
7.94
7.75
7.83
7.68
7.92
7.61
7.18
7.19
7.13
7.33
7.8
7.4
7.36
7.15
6.9
7.92
7.89
7.09
7.44
7.47
7.47
7.97
7.26
7.62
7.61
7.02
7.99
7.22
7.05
7.51
7.02
7.59
7.34
7.05
7.42
7.85
7.31
7.21
7.29
6.91
7.92
7.43
7.54
7.38
7.82
7.48
7.13
7.22
7.5
6.94
7.36
7.17
7
7.96
7.17
7.15
6.94
7.48
7.33
6.94
7.31
6.93
7.32
7.86
7.23
7.63
7.94
7.18
7.86
7.4
6.94
6.92
7.03
6.98
8
7.34
7.07
6.94
7.19
6.94
7.86
6.98
7.93
7.94
7.1
7.61
7.39
7.17
7.03
7.02
6.95
7.06
7.28
7.9
7.52
7.12
7.36
7.72
7.52
7.7
6.9
7.58
7.73
7.29
7.37
7.51
7.65
7.05
7.09
7.76
7.66
7.27
6.95
7.82
7.73
7.68
7.76
8
7.52
7.58
7.17
7.8
7.59
7.76
8
7.57
7.67
7.97
7.39
7
7.29
7.2
7.52
7.45
6.98
8
7.06
7.68
7.15
7.54
7.57
7.85
7.36
7.01
7.7
7.24
7.77
7.57
6.92
7.54
7.49
7.95
7.51
7.48
7.6
7.6
7.31
7.35
7.65
7.34
7.04
7.87
6.93
7.22
7.88
7.21
7.86
7.22
7.99
7.28
7.16
7.06
7.93
7.58
7.96
7.14
7.46
7.4
7.31
7.95
6.99
7.11
7.8
7.63
7.17
7.65
7.52
7.43
7.74
7.61
7.64
7.13
7.42
7.7
7.11
7.51
7.28
7.35
7.23
7.62
7.59
6.96
7.71
7.55
7.59
7.85
6.97
7.76
7.79
8
7.21
7.03
7.9
7.73
7.11
7.84
7.27
7.57
6.91
7.04
7.09
7.97
6.96
7.68
7.17
7.95
7.99
7.23