68182943
149400768
171262869
116919732
97003461
76965688
97644894
129225243
108405593
114107640
137679310
111287711
99582304
183992062
111800401
80665003
135616839
133894367
144256028
102776867
76693861
111260890
122202372
120471280
91855732
94250771
98091442
79367070
108980419
133810250
102525515
54277932
19240693
59013917
44636539
59975728
59136791
63227301
172799060
141634221
120676816
173598824
187302630
106252375
130898888
106187911
191891699
73084257
108744607
112257815
162758147
81481844
93136429
105643490
64285716
93880900
132450365
109731592
116578493
109022890
158491504
127308124
91273478
79323482
126475471
101732683
108696762
77597729
129036184
151134419
122053290
162038637
153627608
235081038
148220402
113384087
255696833
228876080
96161465
177471464
116088576
120376352
100788101
166243464
422129253
187732141
109893649
170146888
144754909
185477672
168090546
177222604
124584128
126890653
125640141
160916744
222899874
95703504
112516697
218248961
114104986
109442723
90808337
399971665
135622719
154660082
106496040
83441689
90164419
109064883
115110650
149996364
257941182
106917666
111211916
133957847
290712460
55831151
89276642
72034296
93572285
106530153
128366501
61387042
87994817
62284910
63054193
82341332
110980538
95691541
63289275
80548237
94569728
76114284
133992283
82304175
109524429
113638999
258483143
115805149
79857210
90888417
118251530
79645228
89624956
172901094
213714577
57556220
77434745
228643132
251177969
69485429
48513373
157239674
112092316
83773167
189363756
45681538
170735343
104654181
217652663
138784782
196254755
56536480
81696590
132851279
26787269
8563519
10443543
256392575
244378027
98815393
163407110
189288190
71237840
117614765
205801581
185183877
3733037
9565175
247626991
11530737
221849623
94148029
141223880
211454544
114436020
179032954
223272409
78122665
51778729
189230784
57752692
191636558
145484650
206040174
155811030
37678838
32389940
125899652