75.73
75.35
74.43
74.39
75.01
74.92
75.81
75.53
74.55
74.97
73.67
73.75
74.86
74.76
75.13
76
75.53
75.65
75.59
75.5
74.65
74.44
74.18
72.9
74.01
73.57
73.74
74.1
73.01
72.87
74.62
76.15
75.82
75.55
76.25
76.8
76.89
76.57
76.16
75.37
75.35
76.86
74.4
76.13
78.2
78.6
78.54
80.41
80.89
79.57
79.65
80.41
79.68
80.35
79.95
79.53
79.59
78.81
78.49
78.12
78.57
77.91
77.27
77.02
76.67
75.76
76.4
76.66
76.27
76.55
77.26
76.3
76.8
77.13
75.17
74.48
73.5
75.34
76.72
76.33
75.88
75.88
74.69
74.63
72.27
73.48
75.56
74.87
74.68
75.27
75.31
75.9
77.2
77.25
75.2
76.73
76.87
76.5
76.66
76.2
75.39
75.14
76.24
76.82
75.87
74.84
73.5
73.54
74.58
74.08
73.23
73.25
72.2
74
75
75.03
74.82
75.85
76.27
76.28
76.83
76.49
76.25
75.24
75.06
74.6
74.05
73.59
73.5
73.68
73.24
73.11
72.21
71.92
72.23
72.9
73.34
73.33
74.25
76.41
75.63
74.84
74.81
73.95
75.46
78.6
70.24
71.46
76.55
77.45
70.05
71.07
74.16
70.79
72.8
76.48
71.16
69.29
70.14
77.11
74.19
77.56
69.79
77.69
71.04
72.61
73.08
72.77
72.8
76.37
79.93
77.66
73.35
70.59
72.7
73.49
74.68
72.22
77.76
78.47
77.39
73.95
74.22
71.26
73.85
72.63
71.03
70.56
77.08
74.15
71.54
75.32
74.69
70.48
73.6
74.22
75.5
70.48
70.63
76.67