-0.47
-1.11
-0.04
0.25
-0.24
0.34
-0.52
-1.53
0.47
-1.1
0.05
1.48
-0.54
0.92
1.03
-1.12
0.19
0.19
-0.03
-0.5
-1.4
-0.81
-1.1
0.42
-0.87
-0.16
0.1
-0.59
0.31
1.76
1.45
0.32
-0.61
0.36
0.23
-1.93
-0.32
-0.36
-0.88
0.14
0.61
-1.86
1.11
1.66
0.29
-0.04
1.66
0.46
-0.78
0.18
0.76
-0.54
0.47
-0.57
-0.32
0.14
-0.78
-0.01
-0.22
0.28
0.43
-0.78
-1
-0.27
-0.9
0.49
0.18
-0.41
0.54
-0.05
-0.58
0.3
0.08
-1.23
-0.67
-0.39
1.2
-0.14
-0.56
-0.48
0.12
-1.45
-0.43
-2.07
1.75
2.32
-1.22
-0.83
0.16
0.66
-0.01
1
0.1
-1.25
1.67
-0.08
0.13
-0.07
-0.46
-0.59
-0.39
0.69
0.11
0.18
-0.74
-0.38
-0.24
0.67
0.9
0.02
0.02
-0.74
0.3
1.02
-0.17
-0.1
1.09
0.3
0.1
0.4
-0.33
0.01
-0.74
-0.18
-0.43
-0.36
-0.05
0.05
0.15
-0.19
-0.24
0.05
-1.12
0.09
0.28
0.66
0.27
0.82
3.23
-0.49
-0.45
0.48
-0.41
-0.45
-0.06
-5.2
9.46
0.34
-6.45
-2.95
5.05
6.03
5.04
3.11
5.4
-4.88
4.14
6.81
4.16
-1.11
3.11
-8.16
2.31
2.01
8.26
-2.11
6.02
-3.67
4.7
0.73
-10.03
-4.06
5.75
0.01
-1
4.31
3.62
7.78
-5.26
-2.57
-5.99
2.95
1.48
4.44
-3.05
4.37
2.67
2.84
-3.78
4.35
6.86
-3.42
-1.59
5.52
-3.5
5.58
-6.1
9.22
6.87
2.13