75.26
74.24
74.39
74.64
74.77
75.26
75.29
74
75.02
73.87
73.72
75.23
74.32
75.68
76.16
74.88
75.72
75.84
75.56
75
73.25
73.63
73.08
73.32
73.14
73.41
73.84
73.51
73.32
74.63
76.07
76.47
75.21
75.91
76.48
74.87
76.57
76.21
75.28
75.51
75.96
75
75.51
77.79
78.49
78.56
80.2
80.87
80.11
79.75
80.41
79.87
80.15
79.78
79.63
79.67
78.81
78.8
78.27
78.4
79
77.13
76.27
76.75
75.77
76.25
76.58
76.25
76.81
76.5
76.68
76.6
76.88
75.9
74.5
74.09
74.7
75.2
76.16
75.85
76
74.43
74.26
72.56
74.02
75.8
74.34
74.04
74.84
75.93
75.3
76.9
77.3
76
76.87
76.65
77
76.43
76.2
75.61
75
75.83
76.35
77
75.13
74.46
73.26
74.21
75.48
74.1
73.25
72.51
72.5
75.02
74.83
74.93
75.91
76.15
76.37
76.68
76.5
76.5
75.51
75.06
74.63
74.24
74
73.64
73.65
73.49
73
73.16
71.09
72.01
72.51
73.56
73.61
74.15
77.48
75.92
75.18
75.32
74.4
73.5
75.4
73.4
79.7
71.8
70.1
74.5
75.1
77.1
79.2
73.9
78.2
71.6
75.3
76.1
74.3
76
77.3
69.4
72.1
79.7
79.3
70.5
79.1
69.1
77.5
77.1
69.9
73.6
79.1
70.6
71.7
77.8
78.3
80
72.5
75.9
71.4
76.9
75.7
75.7
70.8
77
73.7
73.4
73.3
78.5
78.4
71.9
73.1
76
70.1
79.8
69.4
79.7
77.5
78.8